856407990
1877404339
717218401
460970763
872905206
745640269
435802483
1673248169
636515468
1778473360
66022431
315050796
1753196645
2136440477
1505979619
436982863
731773443
527566135
1878499268
1170277762
983875030
831138703
507417459
759400749
2081473331
365644161
423347307
1096684995
1425149857
1816975085
1983586112
1923115873
878260649
2116719485
661381460
1071241650
566334671
222620057
55025791
1632070993
1381645329
1517272379
1638283284
1703452461
905431683
60349108
674891504
1722851470
142983365
1513771528
1457623494
1573977679
1238163149
239176775
561644127
861636232
585897588
2008914876
1868988741
401920442
360574564
1729777332
2101618266
778364436
1534530248
310039694
1539492109
1640924386
807799454
1232559303
1295878467
822646942
654890933
2004401677
589636560
758588263
654735708
2104980098
661088028
1533009264
639571812
1608899974
1958237002
1748992755
1294203457
203266355
2136743667
2012147557
101542505
1055435023
1257973539
2135090227
165804009
128713522
256698502
653440455
570161079
748438550
328017877
308238959